(1 0 -0.5)                  	
(3 0 -0.5)                    	
(30 0 -0.5)                   	
(30 2.12132 -0.5)            	
(2.12132 2.12132 -0.5)      	
(0.707107 0.707107 -0.5)      	
(30 20 -0.5)                   	
(2.12132 20 -0.5)             	
(0 20 -0.5)                    	
(0 3 -0.5)                    	
(0 1 -0.5)                  	
(-1 0 -0.5)                 	
(-3 0 -0.5)                   	
(-20 0 -0.5)                   	
(-20 2.12132 -0.5)            	
(-2.12132 2.12132 -0.5)     	
(-0.707107 0.707107 -0.5)     	
(-20 20 -0.5)                   
(-2.12132 20 -0.5)            	
(1 0 0.5)                   	
(3 0 0.5)                     	
(30 0 0.5)                    	
(30 2.12132 0.5)             	
(2.12132 2.12132 0.5)       	
(0.707107 0.707107 0.5)       	
(30 20 0.5)                    	
(2.12132 20 0.5)              	
(0 20 0.5)                     	
(0 3 0.5)                     	
(0 1 0.5)                   	
(-1 0 0.5)                  	
(-3 0 0.5)                    	
(-20 0 0.5)                    	
(-20 2.12132 0.5)             	
(-2.12132 2.12132 0.5)      	
(-0.707107 0.707107 0.5)      	
(-20 20 0.5)                    
(-2.12132 20 0.5)             	
(30 -2.12132 -0.5)            	
(2.12132 -2.12132 -0.5)      	
(0.707107 -0.707107 -0.5)      	
(30 -20 -0.5)                   
(2.12132 -20 -0.5)             	
(0 -20 -0.5)                    
(0 -3 -0.5)                    	
(0 -1 -0.5)                  	
(-20 -2.12132 -0.5)            	
(-2.12132 -2.12132 -0.5)     	
(-0.707107 -0.707107 -0.5)     	
(-20 -20 -0.5)                  
(-2.12132 -20 -0.5)            	
(30 -2.12132 0.5)             	
(2.12132 -2.12132 0.5)       	
(0.707107 -0.707107 0.5)       	
(30 -20 0.5)                    
(2.12132 -20 0.5)              	
(0 -20 0.5)                     
(0 -3 0.5)                     	
(0 -1 0.5)                   	
(-20 -2.12132 0.5)             	
(-2.12132 -2.12132 0.5)      	
(-0.707107 -0.707107 0.5)      	
(-20 -20 0.5)                   
(-2.12132 -20 0.5)             	
